
1:
41, 41
26, 40
18, 50

2:
7, 38
9, 49

3:
18, 1
5, 13
30, 50
1, 44
1, 47
42, 32
43, 41
41, 15

4:
32, 7
2, 28
10, 30

5:
26, 3
27, 10
2, 17
3, 19
35, 35
33, 37
12, 50

6:
36, 18
27, 36
28, 36
38, 43
37, 44
35, 50

7: 
41, 44
42, 47

8:
8, 5
24, 9
42, 24
32, 33

9:
4, 2
39, 2
25, 5
26, 5
40, 4
9, 11
2, 35
16, 37
21, 37
35, 38
11, 39
31, 39
1, 47
14, 49
36, 49

10:
4, 5
39, 38
42, 50
19, 51


11:
10, 1
32, 1
15, 3
27, 3
12, 8
2, 11
3, 14
44, 14
0, 21
1, 29
44, 21
42, 32
11, 30

12:
27, 36
29, 36
27, 35
29, 34
36, 39
37, 39
39, 36
41, 35
41, 37
22, 43

13:
23, 37
2, 45
1, 49
10, 49


14:
36, 14
16, 36

15:
35, 1
27, 9
1, 35
22, 46


16:
6, 2
11, 8
19, 6
1, 25
9, 26
32, 33
41, 47
37, 49

17:
4, 4
10, 8
41, 4
41, 6
42, 8
19, 2
4, 38
17, 40
33, 39
42, 42
28, 49

18:
10, 6
12, 4
13, 4
19, 4
44, 4
7, 19
41, 17
43, 17
43, 16
8, 25
3, 33
24, 39
33, 37
41, 36
41, 37
19, 49

19:
40, 4
35, 6
15, 35
6, 40
36, 39
41, 38
33, 49

20:
14, 9
2, 12
2, 26
1, 28
40, 36
42, 38

21:
6, 3
8, 13
7, 16
5, 40
29, 46

22:
10, 16
5, 36
3, 40

23:
37, 3
15, 7
35, 7
42, 23
7, 46
6, 46
10, 48
32, 48
37, 47

24:
34, 1
35, 1
36, 1
9, 11
2, 29
34, 34
38, 40
18, 48

25:
2, 11
26, 12

26:
24, 8
30, 2
42, 4
29, 13
44, 16
42, 24
43, 33
15, 36
13, 46
40, 47

27:
20, 35
7, 39
25, 49
26, 49

28:
11, 2
11, 6
5, 12
43, 12
37, 14
22, 37
35, 39
25, 48

29:
26, 5
26, 7
14, 40
15, 39
15, 40
20, 40
21, 40
42, 26
44, 27

30:
41, 5
10, 9
24, 40
41, 39

31:
3, 39
36, 37
19, 7

32:
20, 4
4, 38

33:
8, 0
37, 5
30, 46

34:
38, 2
41, 3
37, 5
33, 17
34, 29
12, 31
9, 37
8, 49

35:
27, 4
35, 19
35, 25
35, 26
34, 35
1, 47

36:
0, 1
39, 14
11, 19
3, 44
43, 3

37:
4, 2
26, 4
39, 2
43, 2
6, 14 - 7, 15
8, 12 - 9, 13
7, 12 - 7, 13
31, 13
32, 32
6, 18 - 7, 19
8, 19 - 9, 18

38:
8, 1
11, 7

39:
8, 0
12, 7
37, 12
1, 25
11, 29
22, 35 - 22, 36
33, 38

40:
0, 7
11, 7
12, 9
14, 9
20, 7
11, 39

41:
2, 2
7, 2
8, 3
35, 3
25, 6
16, 9
33, 8
5, 4 - 3, 8
6, 5 - 4, 10
3, 11 - 2, 13
10, 13
13, 16
2, 46

42:
8, 2
38, 2
39, 2
19, 7
8, 11
24, 30
0, 33
34, 43
0, 48

43:
30, 1
34, 2
26, 39
3, 47
29, 49
43, 43

44:
22, 2
28, 2
27, 5
42, 7
42, 20
42, 21

45:
37, 5
1, 10 - 2, 12
35, 20
1, 32
6, 35
30, 40
43, 45

46:
7, 6
12, 32 - 14, 32
12, 32 - 12, 33
8, 40


47: 
12, 9
24, 6 - 24, 8
24, 8 - 24, 8
5, 12
43, 9
35, 35
34, 46
34, 49


48:
7, 1
9, 1
17, 3
19, 3
1, 6
11, 5
11, 6
11, 7
21, 7 - 21, 9
42, 9
11, 10
5, 15
3, 40
6, 50
22, 50
42, 28
43, 29
34, 35

:

