
1:
41, 41
25.75, 40.5
1.75, 43
18.5, 50

2:
7, 38
9, 49

3:
18, 1
18.5, 1.75
5, 13
30, 50
1, 44.5
1, 47
42.5, 32
43, 41
41, 15

4:
32.5, 7.5
1.75, 28
10, 30

5:
26, 2.5
26, 10.25
1.75, 17
2, 19.25 - 3, 19.25
35, 35.5
33, 37.5
12, 50

6:
35.5, 17.5
31.25, 32.5
27, 36
28, 36
37.75, 43
36.75, 44
35, 50

7: 
41.25, 44
42.25, 47

8:
8, 4.75
24, 9.25
42.25, 24
32, 33
1, 34 - 2, 33

9:
4, 2.25
39, 2.5
25, 5
26, 5
40, 4
8.5, 11
2.25, 35
15.5, 36.5
21, 37
35.25, 38
11.5, 39.5
1, 47
14, 49.25
36, 49.25

10:
4.5, 5
39, 38
42, 50
19, 51


11:
9.5, 1
31.5, 1
15, 2.5
27, 2.5
11.5, 8
2, 11
2.5, 12.5
43.5, 13.5
0.5, 21.5
1.5, 29.5
43.5, 21
42, 31.5
11, 30.5

12:
27, 35
29, 34.5
27, 36
29, 36
36, 39.5
37.5, 39.5
39, 36
40.75, 35
41, 37
22, 44 - 22.5, 42.5

13:
23, 37
2, 45
1, 49
10, 50


14:
35.5, 14.5 - 37, 13.25
16, 36

15:
34.75, 1
27, 8.75
1, 35
22, 46.25


16:
7, 2
2, 7.5
12, 7
12, 8.5
18.5, 6
1.25, 25
9.25, 27
10, 29.5
31.75, 33
41, 47
37, 49.25

17:
4, 4
10, 8
41, 4
41, 6
42, 8
19, 2
4, 38
17, 40
33, 39
42, 42
28, 49

18:
10, 6
12, 4
13, 4
19, 4
44, 4
7, 19
41, 17
43, 17
43, 16
8, 25
3, 33
24, 39
33, 37
41, 36
41, 37
19, 49

19:
40, 4
35, 6
15, 35
6, 40
36, 39
41, 38
33, 49

20:
14, 9
2, 12
2, 26
1, 28
40, 36
42, 38

21:
6, 3
8, 13
7, 16
5, 40
29, 46

22:
10, 16
5, 36
3, 40

23:
37, 3
15, 7
35, 7
42, 23
7, 46
6, 46
10, 48
32, 48
37, 47

24:
34, 1
35, 1
36, 1
9, 11
2, 29
34, 34
38, 40
18, 48

25:
2, 11
26, 12

26:
24, 8
30, 2
42, 4
29, 13
44, 16
42, 24
43, 33
15, 36
13, 46
40, 47

27:
20, 35
7, 39
25, 49
26, 49

28:
11, 2
11, 6
5, 12
43, 12
37, 14
22, 37
35, 39
25, 48

29:
26, 5
26, 7
14, 40
15, 39
15, 40
20, 40
21, 40
42, 26
44, 27

30:
41, 5
10, 9
24, 40
41, 39

31:
3, 39
36, 37
19, 7

32:
20, 4
4, 38

33:
8, 0
37, 5
30, 46

34:
38, 2
41, 3
37, 5
33, 17
34, 29
12, 31
9, 37
8, 49

35:
27, 4
35, 19
35, 25
35, 26
34, 35
1, 47

36:
0, 1
39, 14
11, 19
3, 44
43, 3

37:
4, 2
26, 4
39, 2
43, 2
6, 14 - 7, 15
8, 12 - 9, 13
7, 12 - 7, 13
31, 13
32, 32
6, 18 - 7, 19
8, 19 - 9, 18

38:
8, 1
11, 7

39:
8, 0
12, 7
37, 12
1, 25
11, 29
22, 35 - 22, 36
33, 38

40:
0, 7
11, 7
12, 9
14, 9
20, 7
11, 39

41:
2, 2
7, 2
8, 3
35, 3
25, 6
16, 9
33, 8
5, 4 - 3, 8
6, 5 - 4, 10
3, 11 - 2, 13
10, 13
13, 16
2, 46

42:
8, 2
38, 2
39, 2
19, 7
8, 11
24, 30
0, 33
34, 43
0, 48

43:
30, 1
34, 2
26, 39
3, 47
29, 49
43, 43

44:
22, 2
28, 2
27, 5
42, 7
42, 20
42, 21

45:
37, 5
1, 10 - 2, 12
35, 20
1, 32
6, 35
30, 40
43, 45

46:
7, 6
12, 32 - 14, 32
12, 32 - 12, 33
8, 40


47: 
12, 9
24, 6 - 24, 8
24, 8 - 24, 8
5, 12
43, 9
35, 35
34, 46
34, 49


48:
7, 1
9, 1
17, 3
19, 3
1, 6
11, 5
11, 6
11, 7
21, 7 - 21, 9
42, 9
11, 10
5, 15
3, 40
6, 50
22, 50
42, 28
43, 29
34, 35

:

